Overall: 
SDC: 25.333333333333336%
Benign: 29.96666666666667%
Crash: 44.7%
Breakdown: 
-- FI Index: 128, SDC: 0.18181818181818182, Benign: 0.09090909090909091, Crash: 0.7272727272727273, Total FI: 11
-- FI Index: 129, SDC: 0.0, Benign: 0.0, Crash: 1.0, Total FI: 4
-- FI Index: 130, SDC: 0.13333333333333333, Benign: 0.4666666666666667, Crash: 0.4, Total FI: 15
-- FI Index: 131, SDC: 0.25, Benign: 0.5, Crash: 0.25, Total FI: 12
-- FI Index: 132, SDC: 0.0, Benign: 0.5, Crash: 0.5, Total FI: 6
-- FI Index: 133, SDC: 0.2222222222222222, Benign: 0.7777777777777778, Crash: 0.0, Total FI: 9
-- FI Index: 134, SDC: 0.0, Benign: 0.0, Crash: 1.0, Total FI: 9
-- FI Index: 135, SDC: 0.08333333333333333, Benign: 0.0, Crash: 0.9166666666666666, Total FI: 12
-- FI Index: 136, SDC: 0.0, Benign: 0.75, Crash: 0.25, Total FI: 8
-- FI Index: 137, SDC: 0.23076923076923078, Benign: 0.15384615384615385, Crash: 0.6153846153846154, Total FI: 13
-- FI Index: 138, SDC: 0.0, Benign: 0.0, Crash: 1.0, Total FI: 11
-- FI Index: 139, SDC: 0.0, Benign: 0.1, Crash: 0.9, Total FI: 10
-- FI Index: 140, SDC: 0.0, Benign: 0.2222222222222222, Crash: 0.7777777777777778, Total FI: 9
-- FI Index: 143, SDC: 0.05, Benign: 0.2125, Crash: 0.7375, Total FI: 80
-- FI Index: 144, SDC: 0.0, Benign: 0.2698412698412698, Crash: 0.7301587301587301, Total FI: 63
-- FI Index: 145, SDC: 0.0273972602739726, Benign: 0.2191780821917808, Crash: 0.7534246575342466, Total FI: 73
-- FI Index: 146, SDC: 0.039473684210526314, Benign: 0.10526315789473684, Crash: 0.8552631578947368, Total FI: 76
-- FI Index: 147, SDC: 0.05194805194805195, Benign: 0.45454545454545453, Crash: 0.4935064935064935, Total FI: 77
-- FI Index: 148, SDC: 0.02857142857142857, Benign: 0.18571428571428572, Crash: 0.7857142857142857, Total FI: 70
-- FI Index: 149, SDC: 0.056338028169014086, Benign: 0.16901408450704225, Crash: 0.7746478873239436, Total FI: 71
-- FI Index: 150, SDC: 0.2236842105263158, Benign: 0.7763157894736842, Crash: 0.0, Total FI: 76
-- FI Index: 151, SDC: 0.8135593220338984, Benign: 0.1864406779661017, Crash: 0.0, Total FI: 59
-- FI Index: 153, SDC: 0.55, Benign: 0.45, Crash: 0.0, Total FI: 20
-- FI Index: 154, SDC: 0.4782608695652174, Benign: 0.5217391304347826, Crash: 0.0, Total FI: 23
-- FI Index: 155, SDC: 0.13793103448275862, Benign: 0.10344827586206896, Crash: 0.7586206896551724, Total FI: 29
-- FI Index: 157, SDC: 0.08695652173913043, Benign: 0.13043478260869565, Crash: 0.782608695652174, Total FI: 23
-- FI Index: 160, SDC: 0.013513513513513514, Benign: 0.013513513513513514, Crash: 0.972972972972973, Total FI: 74
-- FI Index: 161, SDC: 0.19718309859154928, Benign: 0.5774647887323944, Crash: 0.22535211267605634, Total FI: 71
-- FI Index: 163, SDC: 0.39325842696629215, Benign: 0.5617977528089888, Crash: 0.0449438202247191, Total FI: 89
-- FI Index: 166, SDC: 0.6421052631578947, Benign: 0.35789473684210527, Crash: 0.0, Total FI: 95
-- FI Index: 40, SDC: 0.09090909090909091, Benign: 0.0, Crash: 0.9090909090909091, Total FI: 11
-- FI Index: 42, SDC: 0.07692307692307693, Benign: 0.23076923076923078, Crash: 0.6923076923076923, Total FI: 13
-- FI Index: 171, SDC: 0.04950495049504951, Benign: 0.2871287128712871, Crash: 0.6633663366336634, Total FI: 101
-- FI Index: 172, SDC: 0.5, Benign: 0.5, Crash: 0.0, Total FI: 74
-- FI Index: 173, SDC: 0.6162790697674418, Benign: 0.38372093023255816, Crash: 0.0, Total FI: 86
-- FI Index: 47, SDC: 0.0, Benign: 0.16666666666666666, Crash: 0.8333333333333334, Total FI: 6
-- FI Index: 175, SDC: 0.07142857142857142, Benign: 0.14285714285714285, Crash: 0.7857142857142857, Total FI: 14
-- FI Index: 176, SDC: 0.5714285714285714, Benign: 0.0, Crash: 0.42857142857142855, Total FI: 7
-- FI Index: 49, SDC: 0.0, Benign: 0.4444444444444444, Crash: 0.5555555555555556, Total FI: 9
-- FI Index: 51, SDC: 0.0, Benign: 0.16666666666666666, Crash: 0.8333333333333334, Total FI: 6
-- FI Index: 53, SDC: 0.0, Benign: 0.21428571428571427, Crash: 0.7857142857142857, Total FI: 14
-- FI Index: 182, SDC: 0.011111111111111112, Benign: 0.12222222222222222, Crash: 0.8666666666666667, Total FI: 90
-- FI Index: 183, SDC: 0.7564102564102564, Benign: 0.24358974358974358, Crash: 0.0, Total FI: 78
-- FI Index: 56, SDC: 0.14285714285714285, Benign: 0.0, Crash: 0.8571428571428571, Total FI: 14
-- FI Index: 57, SDC: 0.0, Benign: 0.0, Crash: 1.0, Total FI: 10
-- FI Index: 192, SDC: 0.3333333333333333, Benign: 0.0, Crash: 0.6666666666666666, Total FI: 6
-- FI Index: 193, SDC: 0.375, Benign: 0.0, Crash: 0.625, Total FI: 8
-- FI Index: 194, SDC: 0.2777777777777778, Benign: 0.05555555555555555, Crash: 0.6666666666666666, Total FI: 18
-- FI Index: 195, SDC: 1.0, Benign: 0.0, Crash: 0.0, Total FI: 16
-- FI Index: 196, SDC: 0.6153846153846154, Benign: 0.07692307692307693, Crash: 0.3076923076923077, Total FI: 13
-- FI Index: 197, SDC: 0.5833333333333334, Benign: 0.4166666666666667, Crash: 0.0, Total FI: 12
-- FI Index: 198, SDC: 1.0, Benign: 0.0, Crash: 0.0, Total FI: 10
-- FI Index: 200, SDC: 0.1, Benign: 0.9, Crash: 0.0, Total FI: 20
-- FI Index: 201, SDC: 1.0, Benign: 0.0, Crash: 0.0, Total FI: 13
-- FI Index: 55, SDC: 0.0, Benign: 1.0, Crash: 0.0, Total FI: 15
-- FI Index: 76, SDC: 0.017241379310344827, Benign: 0.1724137931034483, Crash: 0.8103448275862069, Total FI: 58
-- FI Index: 77, SDC: 0.04, Benign: 0.21333333333333335, Crash: 0.7466666666666667, Total FI: 75
-- FI Index: 78, SDC: 0.47368421052631576, Benign: 0.013157894736842105, Crash: 0.5131578947368421, Total FI: 76
-- FI Index: 79, SDC: 0.6216216216216216, Benign: 0.3783783783783784, Crash: 0.0, Total FI: 74
-- FI Index: 81, SDC: 0.18309859154929578, Benign: 0.0, Crash: 0.8169014084507042, Total FI: 71
-- FI Index: 75, SDC: 0.03333333333333333, Benign: 0.18333333333333332, Crash: 0.7833333333333333, Total FI: 60
-- FI Index: 83, SDC: 0.08860759493670886, Benign: 0.5443037974683544, Crash: 0.3670886075949367, Total FI: 79
-- FI Index: 85, SDC: 0.04477611940298507, Benign: 0.9552238805970149, Crash: 0.0, Total FI: 67
-- FI Index: 86, SDC: 1.0, Benign: 0.0, Crash: 0.0, Total FI: 58
-- FI Index: 87, SDC: 0.16049382716049382, Benign: 0.0, Crash: 0.8395061728395061, Total FI: 81
-- FI Index: 44, SDC: 0.1, Benign: 0.2, Crash: 0.7, Total FI: 10
-- FI Index: 46, SDC: 0.18181818181818182, Benign: 0.18181818181818182, Crash: 0.6363636363636364, Total FI: 11
-- FI Index: 43, SDC: 0.08333333333333333, Benign: 0.5, Crash: 0.4166666666666667, Total FI: 12
-- FI Index: 118, SDC: 0.021739130434782608, Benign: 0.2717391304347826, Crash: 0.7065217391304348, Total FI: 92
-- FI Index: 119, SDC: 0.024390243902439025, Benign: 0.23170731707317074, Crash: 0.7439024390243902, Total FI: 82
-- FI Index: 120, SDC: 0.42857142857142855, Benign: 0.5714285714285714, Crash: 0.0, Total FI: 105
-- FI Index: 121, SDC: 0.6021505376344086, Benign: 0.3978494623655914, Crash: 0.0, Total FI: 93
-- FI Index: 124, SDC: 0.0, Benign: 0.16666666666666666, Crash: 0.8333333333333334, Total FI: 12
-- FI Index: 125, SDC: 0.1, Benign: 0.4, Crash: 0.5, Total FI: 10
-- FI Index: 126, SDC: 0.16666666666666666, Benign: 0.8333333333333334, Crash: 0.0, Total FI: 12
